单向边--没有权重-五折--GPU--seed--666
num_nodes = 21274
5-fold cross validation
number of epoch : 100
learn rate: initial = 0.01
weight decay = 0.0005
node_dim = 128
start_time = 1695350614.8451047
TP_list = [3936, 3307, 4871, 6011, 6123]
FP_list = [361, 232, 844, 1246, 1308]
TN_list = [6614, 6776, 6172, 5843, 5749]
FN_list = [3147, 3743, 2171, 958, 878]
roc = 0.9103442106298827
aupr = 0.9000672131401185
Accuracy = 0.7881917769241713
Precision = 0.8586706328127767
Sensitivity = 0.6899416702233604
Specificity = 0.8864418836249822
F1 = 0.7651142244099458
Time consuming:334.8260214328766