单向边--没有权重-五折--GPU--seed--777
num_nodes = 21274
5-fold cross validation
number of epoch : 100
learn rate: initial = 0.01
weight decay = 0.0005
node_dim = 128
start_time = 1695351064.3880243
TP_list = [4113, 5241, 5411, 4285, 4042]
FP_list = [384, 957, 767, 377, 359]
TN_list = [6621, 6112, 6245, 6560, 6763]
FN_list = [2940, 1748, 1635, 2836, 2894]
roc = 0.9247618524175946
aupr = 0.9128638060527616
Accuracy = 0.7880637359510599
Precision = 0.8903454657618753
Sensitivity = 0.6570493669085219
Specificity = 0.919078104993598
F1 = 0.7561107382000949
Time consuming:337.0344789028168